# Created by Octave 4.2.1, Tue Feb 26 17:58:41 2019 CET <joculde@EVIRL-008-OK>
# name: inv
# type: matrix
# rows: 2
# columns: 2
 -0.4047619 0.07142857
 1.547619 -0.2142857


